000110000101000011000111111
110101000000000011000111111
000000101110000011000111111
000110000101011111000000111
000110000101000000111011111
110111000101000011000000111
000000000101000011111110111
000110101111000011000000111
000110000000000011111101111
110011000101000000000111111
000000000101011110000111111
000110101011000000000111111
000110000000011101000111111
101000110000000011000111111
110101000111000011000000111
110101000000000011111000111
000111101110000011000000111
000000101110000011111000111
000111000101011110000000111
000000000101011110111000111
000110000111011101000000111
000110000000011101111000111
000110000101111000011000111
111000000101000011110000111
000110111000000011101000111
011000000101110000000111111
000110011000101000000111111
110101000011000000000111111
110101000000011000000111111
000011101110000000000111111
000000101110011000000111111
000011000101000000111110111
000000000101011000111110111
000110000011000000111101111
000110000000011000111101111
110101000000011111000000111
110101000000000000111011111
101111000000000011110000111
000000101110011111000000111
000000101110000000111011111
000000110111000011101000111
011111000101000000110000111
110011000101000111000000111
110011000101000000111000111
000110011111000000101000111
000110101011000111000000111
000110101011000000111000111
110111101000000011000000111
110111000000000011000101111
000101000000000011111110111
000000101000000011111110111
110000101111000011000000111
000000101111000011000110111
110000000000000011111101111
000000000110000011111101111
110011101000000000000111111
110011000000000101000111111
000101000000011110000111111
000000101000011110000111111
110000101011000000000111111
000000101011000110000111111
110000000000011101000111111
000000000110011101000111111
000110101000011111000000111
000110000000011111000101111
110000000101011111000000111
000000000101011111000110111
000110101000000000111011111
000110000000000101111011111
110000000101000000111011111
000000000101000110111011111
111011000101110000000000111
110111000101011000000000111
110111000101000000000011111
000110111011101000000000111
000110101111011000000000111
000110101111000000000011111
101011000000110000000111111
000000110011101000000111111
110011101111000000000000111
110011000000000000111101111
000000101111011110000000111
000000000000011110111101111
000000000101110111011000111
110111101011000000000000111
000000101011000000111110111
110111000000011101000000111
000000000000011101111110111
000110000000101111011000111
111101110000000011000000111
101000111110000011000000111
000110011000111101000000111
011000000101111110000000111
000000111000000011110101111
111000000000000011101110111
011101110000000000000111111
000000011000110101000111111
101000011110000000000111111
011000000000101110000111111
000110111000000000011101111
111000000101000000011110111
000000000101111000110011111
000110000000111000101011111
110101011000000000000111111
011000101110000000000111111
011000000101000000111110111
000110011000000000111101111
110101111000000011000000111
111000101110000011000000111
111000000101011110000000111
000110111000011101000000111
110101000111011000000000111
110101000000011000111000111
110101000011000000111000111
000111101110011000000000111
000000101110011000111000111
000011101110000000111000111
110101011111000000000000111
011111101110000000000000111
110111000000000011101000111
000110000101011000000111111
111000000101011000110000111
101000000000000011111110111
000000101111000011110000111
000110111000011000101000111
000000110000000011111101111
110011000000101000000111111
101000000000011110000111111
000000101011110000000111111
000000110000011101000111111
000110000000011111101000111
000000000101011111110000111
000110000000101000111011111
000000000101110000111011111
110111000101000000011000111
000110101111000000011000111
110011000101111000000000111
000110101011111000000000111
110101000000111000011000111
101000110000011111000000111
101000110000000000111011111
110101111011000000000000111
000000101110111000011000111
111011101110000000000000111
110011000111000101000000111
110011000000000101111000111
000111101000011110000000111
000111000000011110000101111
000110000101000011111000111
011000000101110000111000111
000101000000011110111000111
000000101000011110111000111
000111101011000110000000111
000000101011000110111000111
110000000111011101000000111
000000000111011101000110111
000110011000101000111000111
110000000000011101111000111
000000000110011101111000111
110101000011000111000000111
110101000111000000000011111
000011101110000111000000111
000111101110000000000011111
011110000101000000000111111
111000000101000000110011111
000110011101000000000111111
000110111000000000101011111
000110000011000101000111111
000110111000000101011000111
000011000101000110000111111
111000000101000110011000111
000111000101110000000011111
110111000011000000000101111
110111000000011000000101111
000011101000000000111110111
000011000000000101111110111
000101000000011000111110111
000000101000011000111110111
000110000111101000000011111
000011101111000000000110111
000000101111011000000110111
110000000011000000111101111
000000000011000110111101111
110000000000011000111101111
000000000110011000111101111
000110000000111101011000111
000110000011111101000000111
000000000101111110011000111
000011000101111110000000111
000110000011000000101111111
000110111101000000011000111
000011000101000000110111111
111110000101000000011000111
111011000101000000110000111
111011000101000110000000111
000000000101000110011111111
000000000101111011110000111
000110111011000000101000111
000110111011000101000000111
000110000000000101011111111
000110000000111011101000111
000111110000000011101000111
000101110000000011111000111
101000000111000011110000111
101000000110000011111000111
000111000101110000011000111
000011000101110000111000111
000110000111101000011000111
000110000011101000111000111
000110000111000011000101111
101000110000000011111000111
000111000101000011000110111
111110000101000011000000111
011000000101110111000000111
111101000000011110000000111
000110111101000011000000111
000110011000101111000000111
000000111110011101000000111
000011110000101000000111111
000101110000011000000111111
101000000011110000000111111
101000000110011000000111111
101111000000000011000110111
101111110000000011000000111
000000110111000011000101111
000011000101000111110000111
110011111000000000101000111
011000101111110000000000111
011000000000110000111101111
110011101000000111000000111
110011101000000000111000111
000000111000011110101000111
000110000011000111101000111
111000101011000000110000111
110111011000101000000000111
000000011000101000111110111
110000101011000111000000111
110000101011000000111000111
111000000000011101110000111
101000110000011000000111111
111011000000101000110000111
000101000000011111110000111
000000111011110000101000111
000000000110011111101000111
011101000000000000111110111
000000011110000000111101111
011111000101000000000110111
011111000101110000000000111
110011000000000111000101111
110011000000101111000000111
000101000111011110000000111
000110011111000000000101111
000110011111101000000000111
000000101011000111000110111
000000101011110111000000111
000111000110011101000000111
110000101000011111000000111
000000101000011111000110111
000110011000111000000101111
110000000000011111000101111
000000000110011111000101111
011000000101111000000110111
000101000000011111000110111
000110101000000011000111111
000110101000111000011000111
110000101000000000111011111
000000101000000110111011111
110000000000000101111011111
000000000110000101111011111
110000000101000011000111111
110000000101111000011000111
000101000000000110111011111
111011101000110000000000111
111011000000110000000101111
110111101000011000000000111
110111101000000000000011111
000101000110000011000111111
110000111011101000000000111
000000111011101000000110111
110000101111011000000000111
110000101111000000000011111
101111000000011110000000111
000000110111011101000000111
110111000000000101000011111
111101000000000011110000111
111101000110000011000000111
000101000011000000111110111
000000000110000011101111111
000000111101000011110000111
000000101111000110000011111
000000111110000011101000111
000101111110000011000000111
000101000000000011110111111
111110000000000011101000111
000011000110000000111101111
101000000000000011110111111
111110000000000011000101111
101000110111000011000000111
000000110000000011101111111
000000111101000011000110111
000011000101111000110000111
000111000101011000110000111
000110000011111000101000111
000110000111011000101000111
011000000101000111110000111
011000000101000110111000111
110011000111000000101000111
000110011000000111101000111
000110011000000101111000111
000111101011000000110000111
011111000000110000101000111
000101000000110000111011111
110101000000000111011000111
111000101000000011110000111
000101000111000011110000111
000000101110000111011000111
000000011111101000110000111
000000000110101000111011111
000111000110000011101000111
110000111000000011101000111
111000101000000011000110111
111000110000000011000101111
110000111000000011000101111
101000111000000011000110111
000101011000110000000111111
000011101000110000000111111
011000101000000110000111111
011000110000000101000111111
000000000101110000011111111
000000000101111011000110111
110000000011101000000111111
011000000110101000000111111
110000011000000101000111111
101000011000000110000111111
000110000000101000011111111
000110000000111011000101111
000110101000111000000011111
110000000101111000000011111
101011000000000110000111111
101011110000000000000111111
101111000011000000110000111
101111000000011000110000111
101000000000110011000111111
011110000000000101000111111
101000000000011111110000111
110101011000111000000000111
110101111000000000011000111
101000000000110000111011111
101000110011000000000111111
000011110111000000101000111
000000110111011000101000111
000000110000101011000111111
000000011101000110000111111
000000110011000101000111111
000000110000011111101000111
011000101110111000000000111
111000101110000000011000111
000000110000101000111011111
110111011000000000101000111
111000000101011000000110111
111000000101110000000011111
110111000011101000000000111
000011111000000000110101111
000000111000011000110101111
000000011000000101111110111
000000111000011101110000111
011000101111000000110000111
000110111000011000000101111
000110111000101000000011111
000011101111110000000000111
111000000011000000101110111
111000000000011000101110111
011000000000000110111101111
111000000000011110101000111
011111101000000000110000111
011111000000000101110000111
111101011000000000110000111
000011101111000000110000111
110011111000101000000000111
000110000101000111000011111
110011000000111101000000111
011000101000110000000111111
000000011000110000111101111
110000011111000000101000111
000000011111000110101000111
110111000011000000101000111
011000111110000000101000111
111000101011110000000000111
000000101011111110000000111
110000011000101000000111111
011000000000101000111110111
000110000111101011000000111
000110011101111000000000111
000000000000011111101110111
000111000101110011000000111
011110000101111000000000111
000000000000011111110101111
000110000000101011000111111
000000000000101110111011111
000000000101110011000111111
000000000000110101111011111
101111000000110011000000111
011110000000111101000000111
101011000000000000110111111
111110000000000000011101111
000000110111101011000000111
000000011101111110000000111
000000110011000000101111111
000000111101000000011110111
110111000000000000101011111
000110000000000011101111111
000000011110000000101111111
000000111101000000110011111
101110000000000011000111111
111000000000000011110101111
000000101111000000110011111
000000000101000011110111111
011101000000000000110111111
111110000000000000101011111
000000110101000011000111111
000000111000000011101110111
000000111110101011000000111
000000011101110111000000111
000000000101110111000011111
111101000000110011000000111
011110000000101111000000111
000110000000101111000011111
110000011000111101000000111
000000011000111101000110111
000110011000000111000101111
011000101000111110000000111
011000000000111110000101111
011000000101000111000110111
110111000000000000011101111
111101110000011000000000111
111101110000000000000011111
000111110000000011000101111
101011000000000000111110111
000000101111000000011110111
101000111110011000000000111
101000111110000000000011111
101000000111000011000110111
000000110011000000111101111
000110000101000000011111111
000000111000011110000101111
111000000000011101000110111
110101000000111000000011111
000000101110111000000011111
000101111000000011110000111
000111101000000011110000111
110000000111000011101000111
111000000110000011101000111
000110101000000111011000111
110000000101000111011000111
101011000111110000000000111
101011000000110000111000111
000111110011101000000000111
000000110011101000111000111
011111101000000000000110111
011111110000000000000101111
000111011000110101000000111
000000011000110101111000111
110000011111000000000101111
101000011111000000000110111
011000000111101110000000111
011000000000101110111000111
000110000000111000011101111
000110000111000000011101111
000000000101111000011110111
000111000101000000011110111
000101000011110000000111111
101111000000011000000110111
101111000000110000000011111
000011000110101000000111111
000000110111011000000101111
000000110111101000000011111
111000110101000011000000111
101110000111000011000000111
000111110101000011000000111
101110111000000011000000111
011000110000000000111101111
000110000101111011000000111
011000000101000000110111111
111110000101000000000011111
011000110101000000000111111
101110000011000000000111111
011101000000110000000111111
000000000111011110101000111
101000111000011110000000111
000101000000110111011000111
000000101000110111011000111
000000000011110101000111111
011000000000110101000111111
101000011000000000111110111
000110011000000000101111111
000110111101000000000011111
000011110101000000000111111
101110011000000000000111111
000000011110101000000111111
000111000000011101110000111
111000110000011101000000111
110000000000101111011000111
000000000110101111011000111
000000011000101110000111111
000011000000101110000111111
101000000110011111000000111
000101110000011111000000111
101000000110000000111011111
111000101000000000011110111
111000000000000101011110111
000101110000000000111011111
110000111000000000011101111
000000111000000110011101111
011101111000110000000000111
000111101011110000000000111
111011101000000110000000111
111011110000000101000000111
110111000000101000011000111
000000101011111000110000111
000101000000111000110011111
000000101000111000110011111
110011000111101000000000111
111000011110101000000000111
110000111011000101000000111
101000111011000110000000111
000000101111110000011000111
110011000000111000101000111
110000000000111000101011111
000000000110111000101011111
011111110101000000000000111
101110111011000000000000111
000111000101000110011000111
111011110101000000000000111
101110011111000000000000111
000110000111000101011000111
110111011000000101000000111
111000000101110011000000111
011110000101000111000000111
000000000000101110011111111
000000000000111011110101111
000000000011101000111110111
000110111000101011000000111
000110011101000111000000111
011000101111000110000000111
000000000000110101011111111
000000000000111011101110111
000011000000110000111101111
011101000110000000000111111
000000000110101011000111111
000000011101110000000111111
000000101111000110011000111
000000110000111101011000111
000101011110000000000111111
000101000000110011000111111
011110000000101000000111111
110111000000000101011000111
101000000000111110011000111
110101011000000000111000111
011000101110000000111000111
000000000111110101011000111
000000000011110101111000111
000111000000101110011000111
000011000000101110111000111
101011000000000111110000111
101011000000000110111000111
000000110011000111101000111
000000110011000101111000111
000000000111000011110101111
000111000000000011101110111
011101110000000111000000111
110011111000000000000101111
011101110000000000111000111
101000011110000111000000111
111000101011000000000110111
101000011110000000111000111
000101111000000011000110111
111000000110000011000101111
000000011000101111110000111
000000011000000110111101111
000101011000000110000111111
011000000000110111101000111
011000000000000101111110111
011000000110000101000111111
000000000101000111110011111
000110000000000111101011111
101111110000000000011000111
000011110000000000111101111
000000101000110111000011111
000000011000110111000101111
101000110111000000011000111
101000000011000000111110111
110000000000101111000011111
011000000000101111000110111
110000000011111101000000111
011000000110111101000000111
110101011000000111000000111
111000011000101110000000111
000101011000111110000000111
000011101000111110000000111
011000101110000111000000111
011000111000110101000000111
000110111000000101000011111
111000000101000110000011111
000011000101111000000110111
000110000011111000000101111
000011110000000101000111111
101000000011000110000111111
101011110000111000000000111
000111110000011101000000111
111101000011110000000000111
111101000110011000000000111
000011111110101000000000111
000101111110011000000000111
101000110011111000000000111
101000000111011110000000111
110101111000011000000000111
111000101110011000000000111
110011000000101000111000111
000111000000011110101000111
101000000000011110111000111
000000101011110000111000111
000000000111011101110000111
000000110000011101111000111
000110000011101000000111111
000110111000101000011000111
000011000101110000000111111
111000000101110000011000111
110111000000011000101000111
110111011000000000000101111
011000000101000110000111111
011000000101111000110000111
011000101000000000111110111
000011000000101000111110111
101000000000011000111110111
000000101111011000110000111
011000101111000000000110111
000110011000000101000111111
000110011000111000101000111
110000011000000000111101111
000000000011110000111101111
000000110000011000111101111
000110000000111101000011111
000000000101111110000011111
111011000101000000000110111
000110111011000000000101111
000000000011111000110101111
000000000111011000110101111
000011000000111000101110111
000111000000011000101110111
011101000111000000110000111
011101000110000000111000111
000111011110000000101000111
000101011110000000111000111
110101111000000000000011111
011000111000000000101110111
111000101110000000000011111
111000011000000000110101111
000000111000110000101011111
111000000000101000110011111
000000101011111000000110111
000000110000111000011101111
110011000000111000000101111
101000000000111000011110111
110011111000000101000000111
111000101000011110000000111
111000000000011110000101111
111000101011000110000000111
110000111000011101000000111
000000111000011101000110111
110101000111000000011000111
110101000011111000000000111
101000110000111000011000111
000111101110000000011000111
000011101110111000000000111
000011000101110111000000111
000110000011101111000000111
101111000110000011000000111
110101000000000000011111111
110101000000111011000000111
000000101110000000011111111
000000101110111011000000111
000101110111000011000000111
000110011111000101000000111
011111000101000110000000111
101000011000110000000111111
011000110000101000000111111
110111011101000000000000111
000011000110000101000111111
000011111000000101110000111
011110101111000000000000111
000101000011000110000111111
111000000011000110101000111
110011000000000111101000111
000000101011000111110000111
000110000111000011101000111
110000000000011111101000111
000000101000011111110000111
000000110000011111000101111
000111000101000011110000111
101000000000011111000110111
110000000000101000111011111
000000101000110000111011111
000000110000000101111011111
101000000000000110111011111
111011000000110000101000111
110111101000000000011000111
000011000110000000101111111
000011111101000000110000111
101000000110000011000111111
000000111011101000110000111
110000101111000000011000111
000101000011000000110111111
111110000011000000101000111
000101110000000011000111111
110000000111000000011101111
111000000110000000011101111
000101111000000000011110111
000111101000000000011110111
000000101000000111110011111
000000111000000101110011111
110000000000000111101011111
111000000000000110101011111
101000111000000011110000111
000110111000000011000101111
111000110000000011101000111
111000000101000011000110111
000000000111000011101110111
000111000000000011110101111
110011101000111000000000111
110000000101000011111000111
110000101011111000000000111
000110101000000011111000111
101000000111011000110000111
000110000111011000000101111
101000110000011000111000111
000110000101011000111000111
011111110000101000000000111
101111110000011000000000111
101000011111110000000000111
101000110111011000000000111
101000000011110000111000111
000110000011000101111000111
000111110000011000101000111
000111000101011000000110111
000011110000101000111000111
000011000101000110111000111
000111000101000000110011111
000110000111000000101011111
011000111000110000101000111
110011111101000000000000111
111110000101011000000000111
000111000110000011000101111
000111011000110000000101111
111000011000101000110000111
111110101011000000000000111
000110111101011000000000111
000101000111000011000110111
011000000111101000000110111
101011000110000000000111111
101000011111000000110000111
101111011000000000110000111
000000000011101110000111111
110111000011000101000000111
000000000011000101111110111
101111000011000000000110111
011111110000000000101000111
011000110111000000101000111
000011000000110101000111111
000011101111000110000000111
000011000000000110111101111
000101110011000000000111111
000011110111000000000101111
110111000000101000000011111
000101011000000000111110111
011000111000000000110101111
000000101111110000000011111
011000000110000000111101111
111000011000000000101110111
011111000000101000110000111
011111000000000101000110111
011111110000000101000000111
110011000000000000101111111
000000111101011110000000111
000000011111110000101000111
000000011111000110000101111
101000011111000110000000111
000000101011000000110111111
111110000000011101000000111
000011101000000110000111111
111000101000000110011000111
110000000011000101000111111
110000111000000101011000111
101111110011000000000000111
011110111101000000000000111
110101000000000111000011111
011000000000111101110000111
000000101110000111000011111
000000011000111110101000111
000011101000111000110000111
110000000011111000101000111
000110000101000111011000111
110000000000111101011000111
000000000110111101011000111
000000000011111101000110111
000000011000111101110000111
000101000000111110011000111
000000101000111110011000111
000011000000111110000101111
011000000000111110101000111
000011101000000000110111111
111110101000000000011000111
110000000011000000101111111
110000111101000000011000111
111011000000000110000101111
111011110000000000000101111
000101000110011000000111111
111000101000011000110000111
000000111011000101000110111
101000111011000000000110111
110000111000011000101000111
000101000110011111000000111
111101000011000000110000111
000000111101011000110000111
000011111110000000101000111
111110000000011000101000111
111011110000000000101000111
101011110000000000111000111
101000111011000000110000111
101000110011000000111000111
000000000111011110000101111
000111000000011101000110111
101011000111000110000000111
101000000000011000110111111
111110000000011000000101111
101000111011110000000000111
110011000111000000000101111
000110011101000000111000111
101000000011000000110111111
111110000011000000000101111
101000000000110011111000111
011110000000000101111000111
000000110000011000101111111
000000111101011000000110111
000111110011000101000000111
111011110000101000000000111
000111101011000000000110111
011110000101000000111000111
000011110000000000101111111
000011111101000000000110111
000000110000101011111000111
000000011101000110111000111
110000000101000111000011111
000110000101111000000011111
011000000111000101110000111
000110000111000101000011111
011000110000000101111000111
111110101000000011000000111
011000101000110111000000111
011000000000110111000101111
000111000000110101011000111
000111000011110101000000111
000111000110101011000000111
000111011101110000000000111
000000000000011110101111111
000110101000000111000011111
000111011000000110101000111
000111000101000110000011111
101000011000000110111000111
110000111101000011000000111
110000011000101111000000111
000000011000101111000110111
000000000111101110011000111
000011000111101110000000111
000101000111110011000000111
011110000111101000000000111
000000000000011101110111111
101011110111000000000000111
111110011101000000000000111
011110000000000000111101111
111000101000011000000110111
111000110000011000000101111
000000011101000000111110111
110000111000011000000101111
101000111000011000000110111
011111000000000000101110111
110000000101111011000000111
000000011110000101000111111
000111101000110000011000111
000111101000000011000110111
101000000000110111011000111
000000011111000000110101111
000110101000111011000000111
011101000000000110000111111
110000000111101000011000111
110000000111000011000101111
000000110000101111011000111
111000000000101000011110111
111000000000101110011000111
000000111000110000011101111
000000111000110101011000111
101000000011000111110000111
000110000011000111000101111
111000000000110011101000111
000011000000111101000110111
000011000000110000101111111
101000111110000000011000111
111101110000000000011000111
111011000000101000000110111
111011000000000000101110111
111011000000110101000000111
111011000000000101110000111
111011101000000000110000111
101111000011110000000000111
000011000101000111000110111
000000111000101011110000111
000000000011111110000101111
000000000011101000110111111
000000111011110000000101111
000000111011000000110101111
000000111011101110000000111
000000111011000110101000111
110000111011000000101000111
000011110111101000000000111
000111000000110000011101111
111011000000000110101000111
111011000110000101000000111
111000000011110000000101111
011110101000000000000111111
111000101000000000110011111
111000000000000101110011111
000000000000101011111110111
000000000110000101011111111
000000111011000101110000111
000000000110101000011111111
000000000111101000011110111
000101111011000110000000111
000011111000101000000110111
110000011101000000000111111
110000111000000000101011111
000000111000000110101011111
000000000000110011111101111
000101000000000110011111111
000101000000110000011111111
000101000110000011111000111
011000101000110000111000111
000000000111101011000110111
000000000011110111000101111
110000011000101000111000111
000111000000110011000101111
000011000000101111000110111
011000101000111000000110111
110000011000111000000101111
000000011110111101000000111
011101000000111110000000111
110000101000000011000111111
110000101000111000011000111
000110000000011000101111111
011101111000000000110000111
101110000000011000000111111
111000000000011000110101111
000000101000000110011111111
000000101000111011110000111
000000000101011000110111111
111000011110000000101000111
000000110101011000000111111
000000111000011000101110111
110000000000000101011111111
110000000000111011101000111
000000000011000110101111111
000011000000000101110111111
111101110011000000000000111
101110000000000000011111111
111011000000000000110101111
011110000000000000101111111
111101000000000000110011111
000101000011111000110000111
101011111110000000000000111
000000110101000000011111111
000000111011000000101110111
000011000110111000101000111
000000011101000000110111111
000000111110000000101011111
111110000000101011000000111
011101000000110111000000111
000000111101110011000000111
000000011110101111000000111
000101000110000000111011111
111101000110000000000011111
000101111110000000000011111
000101111000011110000000111
111000000110011101000000111
101011111000110000000000111
111000110011101000000000111
111101000000110000011000111
011101000000110000111000111
111000011000110101000000111
000000111110101000011000111
000000011110101000111000111
011000111000101110000000111
000110000000000111011101111
000000000101000111011110111
111000000000110000011101111
000111000011110000101000111
000101000011110000111000111
011000000111110000101000111
000101000111110000000011111
000011000111101000110000111
000101000111011000110000111
000000111110000011000101111
000000101000000011110111111
000011000110101000111000111
000000111000101000011110111
000111011000101000110000111
000111000110101000000011111
000111000110011000101000111
111101000000000011000110111
110000000000000011101111111
000101111000011000110000111
000111101000011000110000111
110000000111011000101000111
111000000110011000101000111
011000000000000101110111111
111110000000000101000011111
000101011000110000111000111
000011101000110000111000111
011000101000000110111000111
000000111011110101000000111
000000011000000110101111111
000000111101000110000011111
110000000011101000111000111
011000000110101000111000111
110000011000000101111000111
111011000000101110000000111
011111000000110000000101111
011111101000110000000000111
101011110000000111000000111
101000000111110011000000111
011110000111000101000000111
101000000000111000110011111
011110000000111000000101111
111110000000000101011000111
000111110000101011000000111
101111011000000000000110111
101111110000000000000011111
101111000110011000000000111
000111011101000110000000111
000000011111101000000110111
110000011111101000000000111
101000110011000111000000111
000000110000111000101011111
000000011101111000000110111
000000111101000110011000111
101000110111000000000011111
011000110111000000000101111
000101110111011000000000111
111000110101000000000011111
111000110000000000011101111
000011000000111000110101111
000011000111000000110101111
101110111000000000000011111
101000111000000000011110111
000000000011111000101110111
000111000011000000101110111
011101000000000111110000111
000011000000111101110000111
011111000000101000000110111
011111000110000000000101111
011000110101000111000000111
011000110000101111000000111
110111000000101011000000111
011000110000111101000000111
000101000000111011000110111
000000101000110000011111111
000000101000111011000110111
000000000110111011101000111
000000011110000111101000111
000000000011111110101000111
000101011111000000000110111
101110011000000111000000111
101000011000110111000000111
000000101111110011000000111
101000011000111110000000111
110000000000101000011111111
110000000000111011000101111
000101000000111011110000111
110000111000000101000011111
011000111000000101000110111
111000101000000110000011111
111000011000000110000101111
101011000000110111000000111
111000000011101000110000111
000101000011000111110000111
000000101000110011000111111
011000111000101000110000111
000111000011101000110000111
000101000000111000011110111
000101011000111000110000111
101111000000000000011110111
101111000000000000110011111
000011111000110000101000111
000011000110000111101000111
110000000000101011000111111
000000110011101111000000111
000000000110111000011101111
011000000110111000101000111
000000110111000000011101111
000000110111000000101011111
000000000101110011111000111
111000000000110011000101111
011110000000000111000101111
111000011000000101110000111
000110000000101011111000111
000000111000101011000110111
000000011101000111000110111
011000111000000110101000111
011101000111110000000000111
101111011000110000000000111
011000101000000111110000111
011000110000000111000101111
111101011000110000000000111
110000000101000000011111111
101110000000000011111000111
000000011101110000111000111
000111011110101000000000111
011000110111101000000000111
110000011000000111101000111
101000011000000111000110111
011000111110101000000000111
000110101000000000011111111
011110000000101000111000111
000000110101000011111000111
110000000111101011000000111
110000011101111000000000111
000111101000110011000000111
011110101000111000000000111
000000110101011111000000111
101110000000011111000000111
000000011000111000101110111
011000000000111000101110111
011000000000111000110101111
000000011000111000110101111
110000000000111101000011111
011000000000111101000110111
000000101000111110000011111
000000011000111110000101111
110000111101000000000011111
011000111101000000000110111
000000110101000000111011111
101110000000000000111011111
111110101000000000000011111
111110011000000000000101111
101111000000000110000011111
011000000000101000110111111
000111000000000110011101111
000000110111000101000011111
000000011000110000101111111
000000000111000101011110111
000111000011110000000101111
111011101000000000000110111
000000000111000101110011111
000011000111101000000110111
110000111011000000000101111
000111000000000110101011111
111101011000000000000110111
111101000000000000011110111
011101110111000000000000111
111101011110000000000000111
011000000000101111110000111
101110000000111011000000111
011111000000110101000000111
000000111110000101000011111
000000011101111000110000111
000000011000000101110111111
000101000000110111000011111
000000000000111101110011111
011000111110000000000101111
000000111110000000011101111
101111011110000000000000111
011101111110000000000000111
000000011000110111101000111
000000110101111011000000111
000000011111101110000000111
111101000000000110000011111
011110000000111000101000111
011000000000000110101111111
000000000110101111000011111
000000000000111110101011111
000101011000000111000110111
011000000110000111000101111
000000111000000101011110111
000000000000110011101111111
000000000000111101011110111
111000000000000110011101111
000000000000101011110111111
000000000000111110011101111
011000111101110000000000111
111000110000000101000011111
111101000000011000000110111
000000110000111011000101111
000000000000110111101011111
111110011000101000000000111
101000111000000110000011111
000000111110011000000101111
101000000000111011000110111
000000000000101111110011111
110000000101011000000111111
000110101000011000000111111
000111101000110000000011111
011000000111000110101000111
011000000110000101111000111
011101110000111000000000111
011000111000110000000101111
110000000111101000000011111
000111011000000101110000111
000101011000000110111000111
101000011110111000000000111
111000011000101000000110111
101011000111000000110000111
101011000110000000111000111
000111000000110011101000111
000101000000110011111000111
000011110000000111101000111
000011110000000101111000111
000101110000000111011000111
101000000011000110111000111
101000000110000111011000111
000111110000011000000101111
000111110000101000000011111
101000000111011000000110111
101000000111110000000011111
011000000000110000101111111
111101000000110000000011111
000011000000101000110111111
000101000000011000110111111
000000000111101011110000111
000000000110101011111000111
000111110011000000101000111
000101110011000000111000111
000000011000101000110111111
000000111110101000000011111
000000000011110000101111111
000000000110011000101111111
011101000000111000110000111
111101000000011000110000111
000101111000000000110011111
000111101000000000110011111
000000011110111000101000111
000000111110011000101000111
110000000111000000101011111
111000000110000000101011111
011111000110000000101000111
000101011000110111000000111
000011101000110111000000111
000101011111000000110000111
110000000011101111000000111
011000000110101111000000111
110000000111000101011000111
111000000110000101011000111
000101111000000110011000111
000111101000000110011000111
111000011000110000101000111
000011000111110000101000111
000101111000110000011000111
101111000000000110011000111
101011000000111110000000111
111000000110101000011000111
000000110011111101000000111
000000110111000101011000111
111000000110011000000101111
000101111000011000000110111
000011101000000111000110111
000011110000000111000101111
011000000000110101111000111
101111000000110000011000111
000111011000000110000101111
101111011000000110000000111
110000000011000111000101111
101000000011000111000110111
000000011000101110111000111
000000110111101000011000111
011000000111000101000110111
011000110111000101000000111
000000101000111000011110111
110000000000111000011101111
000000000111000110011101111
000111000000000101011110111
011111000000000000110101111
011111000000101110000000111
011111000000000110101000111
000101110000011000111000111
101000000110011000111000111
111000000000101011110000111
000111000000101011110000111
101000011000111000110000111
101000111000110000011000111
000000111000110011101000111
000000011111000000101110111
000000011111110101000000111
000000011111000101110000111
000000000111110011101000111
011000110000111000101000111
