0000000000000000
0000000000000000
1111000000000000
0000111100000000
0000000011110000
0000000000001111
1000100010001000
0100010001000100
0010001000100010
0001000100010001
1000100010001000
0100010001000100
0010001000100010
0001000100010001
1111000000000000
0000111100000000
0000000011110000
0000000000001111
1111111100000000
1111000011110000
1111000000001111
0000111111110000
0000111100001111
0000000011111111
1111100010001000
1000111110001000
1000100011111000
1000100010001111
1100110011001100
1010101010101010
1001100110011001
1111010001000100
0100111101000100
0100010011110100
0100010001001111
0110011001100110
0101010101010101
1111001000100010
0010111100100010
0010001011110010
0010001000101111
0011001100110011
1111000100010001
0001111100010001
0001000111110001
0001000100011111
1111100010001000
1111010001000100
1111001000100010
1111000100010001
1000111110001000
0100111101000100
0010111100100010
0001111100010001
1000100011111000
0100010011110100
0010001011110010
0001000111110001
1000100010001111
0100010001001111
0010001000101111
0001000100011111
1100110011001100
1010101010101010
1001100110011001
0110011001100110
0101010101010101
0011001100110011
1111111100000000
1111000011110000
1111000000001111
0000111111110000
0000111100001111
0000000011111111
1111111110001000
1111100011111000
1111100010001111
1000111111111000
1000111110001111
1000100011111111
1111110011001100
1100111111001100
1100110011111100
1100110011001111
1111101010101010
1010111110101010
1010101011111010
1010101010101111
1111100110011001
1001111110011001
1001100111111001
1001100110011111
1111111101000100
1111010011110100
1111010001001111
0100111111110100
0100111101001111
0100010011111111
1111011001100110
0110111101100110
0110011011110110
0110011001101111
1111010101010101
0101111101010101
0101010111110101
0101010101011111
1111111100100010
1111001011110010
1111001000101111
0010111111110010
0010111100101111
0010001011111111
1111001100110011
0011111100110011
0011001111110011
0011001100111111
1111111100010001
1111000111110001
1111000100011111
0001111111110001
0001111100011111
0001000111111111
1111111111110000
1111111100001111
1111000011111111
0000111111111111
1110111011101110
1101110111011101
1011101110111011
0111011101110111
1111110011001100
1111101010101010
1111100110011001
1111011001100110
1111010101010101
1111001100110011
1111111110001000
1111111101000100
1111111100100010
1111111100010001
1111100011111000
1111010011110100
1111001011110010
1111000111110001
1111100010001111
1111010001001111
1111001000101111
1111000100011111
1100111111001100
1010111110101010
1001111110011001
0110111101100110
0101111101010101
0011111100110011
1000111111111000
0100111111110100
0010111111110010
0001111111110001
1000111110001111
0100111101001111
0010111100101111
0001111100011111
1100110011111100
1010101011111010
1001100111111001
0110011011110110
0101010111110101
0011001111110011
1000100011111111
0100010011111111
0010001011111111
0001000111111111
1100110011001111
1010101010101111
1001100110011111
0110011001101111
0101010101011111
0011001100111111
1110111011101110
1101110111011101
1011101110111011
0111011101110111
1111111111110000
1111111100001111
1111000011111111
0000111111111111
1111111111001100
1111110011111100
1111110011001111
1100111111111100
1100111111001111
1100110011111111
1111111110101010
1111101011111010
1111101010101111
1010111111111010
1010111110101111
1010101011111111
1111111110011001
1111100111111001
1111100110011111
1001111111111001
1001111110011111
1001100111111111
1111111101100110
1111011011110110
1111011001101111
0110111111110110
0110111101101111
0110011011111111
1111111101010101
1111010111110101
1111010101011111
0101111111110101
0101111101011111
0101010111111111
1111111100110011
1111001111110011
1111001100111111
0011111111110011
0011111100111111
0011001111111111
1111111111111000
1111111110001111
1111100011111111
1000111111111111
1111111011101110
1110111111101110
1110111011111110
1110111011101111
1111110111011101
1101111111011101
1101110111111101
1101110111011111
1111101110111011
1011111110111011
1011101111111011
1011101110111111
1111111111110100
1111111101001111
1111010011111111
0100111111111111
1111011101110111
0111111101110111
0111011111110111
0111011101111111
1111111111110010
1111111100101111
1111001011111111
0010111111111111
1111111111110001
1111111100011111
1111000111111111
0001111111111111
1111111111001100
1111111110101010
1111111110011001
1111111101100110
1111111101010101
1111111100110011
1111110011111100
1111101011111010
1111100111111001
1111011011110110
1111010111110101
1111001111110011
1111110011001111
1111101010101111
1111100110011111
1111011001101111
1111010101011111
1111001100111111
1100111111111100
1010111111111010
1001111111111001
0110111111110110
0101111111110101
0011111111110011
1100111111001111
1010111110101111
1001111110011111
0110111101101111
0101111101011111
0011111100111111
1100110011111111
1010101011111111
1001100111111111
0110011011111111
0101010111111111
0011001111111111
1111111011101110
1111110111011101
1111101110111011
1111011101110111
1111111111111000
1111111111110100
1111111111110010
1111111111110001
1111111111111111
1111111110001111
1111111101001111
1111111100101111
1111111100011111
1111100011111111
1111010011111111
1111001011111111
1111000111111111
1110111111101110
1101111111011101
1011111110111011
0111111101110111
1000111111111111
0100111111111111
0010111111111111
0001111111111111
1110111011111110
1101110111111101
1011101111111011
0111011111110111
1110111011101111
1101110111011111
1011101110111111
0111011101111111
1111111111111111
1111111111111100
1111111111001111
1111110011111111
1100111111111111
1111111111101110
1111111011111110
1111111011101111
1110111111111110
1110111111101111
1110111011111111
1111111111011101
1111110111111101
1111110111011111
1101111111111101
1101111111011111
1101110111111111
1111111111111010
1111111110101111
1111101011111111
1010111111111111
1111111110111011
1111101111111011
1111101110111111
1011111111111011
1011111110111111
1011101111111111
1111111111111001
1111111110011111
1111100111111111
1001111111111111
1111111111110110
1111111101101111
1111011011111111
0110111111111111
1111111101110111
1111011111110111
1111011101111111
0111111111110111
0111111101111111
0111011111111111
1111111111110101
1111111101011111
1111010111111111
0101111111111111
1111111111110011
1111111100111111
1111001111111111
0011111111111111
1111111111101110
1111111111011101
1111111110111011
1111111101110111
1111111111111100
1111111111111010
1111111111111001
1111111111110110
1111111111110101
1111111111110011
1111111111001111
1111111110101111
1111111110011111
1111111101101111
1111111101011111
1111111100111111
1111111011111110
1111110111111101
1111101111111011
1111011111110111
1111110011111111
1111101011111111
1111100111111111
1111011011111111
1111010111111111
1111001111111111
1111111011101111
1111110111011111
1111101110111111
1111011101111111
1110111111111110
1101111111111101
1011111111111011
0111111111110111
1100111111111111
1010111111111111
1001111111111111
0110111111111111
0101111111111111
0011111111111111
1110111111101111
1101111111011111
1011111110111111
0111111101111111
1110111011111111
1101110111111111
1011101111111111
0111011111111111
1111111111111110
1111111111101111
1111111011111111
1110111111111111
1111111111111101
1111111111011111
1111110111111111
1101111111111111
1111111111111011
1111111110111111
1111101111111111
1011111111111111
1111111111110111
1111111101111111
1111011111111111
0111111111111111
1111111111111110
1111111111111101
1111111111111011
1111111111110111
1111111111101111
1111111111011111
1111111110111111
1111111101111111
1111111011111111
1111110111111111
1111101111111111
1111011111111111
1110111111111111
1101111111111111
1011111111111111
0111111111111111
