10000101001011111
10010100101111100
11000100101111100
10010100101110011
11000100101110011
11010010111110000
11000010111110010
10010010111110010
11000010111111000
11010010111001100
10010010111111000
11001011111000010
11000010111001110
11001011111001000
10010010111001110
10001011111001010
10100011111001010
10110011111000010
11010010111000011
10110011111001000
11000010111001011
10010010111001011
10001011111100010
10101111100001010
11001011111100000
11001011100111000
10101111100101000
10110011111100000
10100011111100010
11001011100110010
10001011100111010
10101111100100010
10001011111101000
10100011100111010
10100111100101001
10110111100001001
10110011100111000
10110111100100001
10001111100101001
10100011111101000
10101111110000010
10110011100110010
11001011100001110
11001111100001001
10001011100101110
10101111110001000
11001111100100001
10110111110000001
10100111100100110
10110111100000110
11001011100101100
10111110000101001
10110111100100100
10111110010100001
10100011100101110
10100111110001001
10110011100001110
10101110011101000
10001111100100110
10111110010100100
10110011100101100
10101111110100000
11001011100001011
10111110000100110
10001011100101011
11001111110000001
11101110000101001
10001111110001001
11001111100000110
10101110011100010
11001111100100100
11110110000100101
10111110010000110
11101110010100001
10110111110000100
10100110011101001
11100110010100101
10111110010001001
10100111110100001
10101110011001010
10011110010100101
11101110010100100
11110110010000101
11011110000100101
11101110000100110
10100011100101011
10111111000000110
10110011100001011
10110110011100001
10001110011101001
11001011100100011
10111111000001001
10001111110100001
11011110010000101
11101110010001001
11101110010000110
10100111110000110
11001111110000100
11110111000000101
10110011100100011
10101110000111010
10111111000100001
10110110011001001
10101110010111000
10001111110000110
10111111000100100
11011111000000101
11101111000001001
11101111000000110
10100111110100100
11001110011100001
11111000010100101
10101110010110010
10100110011100110
11111001010000101
10111111010000001
10110110011100100
11111001010010100
10001111110100100
10111111010000100
11101111000100001
11111000010010110
10100110010111001
11100111000100101
11001110011001001
10110110000111001
10001110011100110
10110110010110001
11101000010100111
10011111000100101
11101111000100100
11011110000011001
10111001110100001
11111001010010001
11110000010010111
11011110010010001
11111001000010110
11101001010000111
11101111010000001
10111001110100100
10011110010011001
10101110000101110
11100001010010111
10101110010101100
10001110010111001
11100111010000101
11111100000010110
11001110011100100
11101110000011010
10111110010011000
10111000010100111
11110001000010111
10011111010000101
11101111010000100
10110110011000110
10111110000011010
11111000010011001
11011000010010111
11111001000100101
10111001010000111
10100110010101101
11011111000010001
11110100000010111
11001110000111001
10111001110000110
11101001110100001
11001110010110001
11101001010010011
11101110010010010
11111100000100101
11100001110100101
10111001110001001
10110110000101101
11101110010011000
11110110000011001
11101000010011011
10111110010010010
11111001000011001
11110110010010001
11011001000010111
10011001110100101
11101001110100100
10011001010010111
11110001110000101
10110110010110100
11101000010101101
10001110010101101
11111100000011001
11011100000010111
10111001100101001
10111001010010011
11110000010011101
10100110010110110
11101001000100111
11101001000011011
11011110010010100
11101001010001101
11101111000010010
11111100010000101
11001110011000110
10110110000110110
11100110010011001
10101110000101011
10111000010011011
11100001010011101
10111111000010010
11111100010010100
11101100000100111
11101100000011011
11110111000010001
11111101000000101
11001110000101101
11011110000010110
11011001110000101
11101001110001001
11101001110000110
10101110010001110
10111000010101101
11110001000011101
11111101000010100
10111001100100110
10111000011101001
10011110010010110
11011000010011101
10101110010100011
10001110010110110
10111001000100111
10111001000011011
10011111000011001
10111001010001101
10100110010100111
11011111000010100
11110100000011101
11101001100101001
11001110010110100
11100101000010111
10111001011100001
10111111000011000
11111100010010001
10111100000100111
10111100000011011
11101100010000111
11110001100100101
10110110000100111
11101000010011110
11100001001011110
10111001011100100
11110110010010100
11100101000011101
11011001000011101
11100100010010111
10111111010010000
11111101000010001
11101101000000111
11001110000110110
10111000011100110
11001110010001101
10110110010001101
11101001010011100
10011001010011101
11100101001011100
10111001011000110
10001110010100111
11011100000011101
11110000001011110
11101000011101001
11110110000010110
11111000001101001
11100101001010011
10111001011001001
10100001010011111
11101001000101101
11101001000011110
11100100001011110
11101111000011000
10111100010000111
11011001100100101
11101001100100110
11110000011100101
11100001001011011
10111000010011110
10001001010011111
11000001001011111
11110001011000101
10111001010110100
11101001011100001
10100101000011111
11101100010010011
11101111010010000
11101100000101101
11101100000011110
11110111000010100
10111101000000111
11010000001011111
11001110000100111
11101000001101011
10111001010011100
10010001001011111
10101110010001011
11100001011100101
10001101000011111
11101101000010011
11100111010010100
11100110010010110
10111000010110110
11100101001000111
10011001011100101
11100100001011011
10011101000010111
11101001011100100
10111001000101101
10111001000011110
10011100010010111
11000100001011111
11011000011100101
11101000011100110
11011001110010001
10111000010111001
11100101001001101
11011001011000101
11111001001001001
11101001011001001
11101001011000110
10111001010110001
10010100001011111
10111100010010011
10111100000101101
10111100000011110
11101100010001101
11011000001011110
10011001110011001
11111000001100110
11111001001100001
11100001001101101
10011001001011110
10111000001101011
11110000010110101
11111001001000110
10011101000011101
11100001010110101
11111100001001001
10111101000010011
11101101000001101
10111001110011000
11100111010010001
11100111000010110
10011101001011100
10011101001010011
11001110010000111
10110110010000111
11101001001001011
10011001010110101
11101001010110100
11111100001000110
10000111010010111
10011001001011011
11110000001100111
10100111010000111
10100101001001111
11100100010011101
11100100001101101
11110001001000111
10011100001011110
10100001010110111
11101100001001011
10111100010001101
11111001001100100
11100001001100111
11101001110010010
10001111010000111
11011000010110101
10001101001001111
11101000010110110
11101000010111001
10100001001101111
11101001010110001
11110100001000111
10111101000001101
11101001110011000
10111001110010010
11101001001100011
10001001001101111
11110001110010001
10011101001000111
11101000001101110
11000111000010111
10011100001011011
10111001001001011
11110100001011100
10011111010010100
11111000001011010
11011000001100111
10010111000010111
11100100001100111
11111001001010010
11011001001000111
11000001001110111
10100100010011111
10100100001101111
10100101000110111
11101100010011100
11110001001011100
11001000010011111
11001000001101111
10111100001001011
11110100001010011
11100111000011001
10100111010010011
10011101001001101
11011001110010100
10000101001110111
10000101001111101
10001100010011111
10001100001101111
11011001011010001
11111101001000001
10110000010011111
10110000001101111
11101101000011100
11111100001010010
11011100001000111
11000000101111110
11010000001110111
11011001100011001
11100001110011001
10001111010010011
10111001001100011
10011001001101101
10000100101111110
10111000001101110
10010100001111101
10001001010110111
11111100001100001
11000100001110111
11001100000011111
10011111010010001
10011111000010110
10111001000110110
11101001001001110
11100101000110101
11100101110000101
10111100010011100
10110100000011111
11001001000011111
11101001100011010
10011001110010110
10011001001100111
10000111010011101
11110000001011011
11110000001101101
11100000110101101
10100111000100111
10100111000011011
10111001000111001
10011001011011001
10100111010001101
10011100010011101
10011100001101101
11110001001010011
11100101110010100
11110001001001101
10010000101111110
10011101000110101
10100001010111101
11110100001001101
11101100001001110
11011100001010011
10110001000011111
11000000101111011
10111001100011010
11011000011011001
11100001110010110
11111001001011000
10001111000100111
10001111000011011
10001111010001101
11110001000110101
10011101001110100
10000100101111011
10001101001111100
11100101100010110
10100001001111011
11100001001110110
10111001011011000
11101001011010010
10010001001110111
11111100001100100
10010100001110111
11100101011010100
10001101000110111
11101101001000011
11011001001011100
11011000001110110
10010100101001111
11110001110010100
10011100001100111
10111001011010010
11000111000011101
10011001001110110
11110001011010001
10111001001001110
11101100001100011
11110000001110110
11110001100011001
11101000011011010
11000110010010111
10100001110100111
11100000110100111
10000100101101111
11011000001011011
11011000001101101
10010111000011101
11100001011010110
10100000110101111
11011001001010011
11100101110010001
11011001001001101
11000001001111101
11011100001011100
10100100010110111
10100100001111011
11100100001110110
10010000101111011
11000100001111101
10100101000111101
10111100001001110
10111000011011010
10010110010010111
10001001110100111
11000001110010111
11101001001101100
10001000110101111
11011001000110101
10100101001110011
11100101001110100
11101001000110110
11101001000111001
11100101100100101
10100101001111100
11101001011011000
10000101110010111
11000101100010111
11011001011010100
11001100001111100
11010000101111100
10011100001110110
11100101011010001
10100101110000111
10111101001000011
11001100001001111
10110000010110111
10110000001111011
11011100001001101
10011000101111010
11010000001111101
10010001110010111
10011100101111000
10010100100011111
10010101100010111
10010000101101111
10110100001111100
10000101011010111
10001101110000111
10111100001100011
11011100001110100
10001001010111101
11001001001001111
10110100001001111
11110000100101101
11100000101111010
11110000011011001
10100111010011100
10010100100111101
11011100101110000
11100101100011001
11100001001111001
11000001011010111
11100100100101101
10001001001111011
11100101011000101
10011101110000101
11100100010110101
10110001001001111
11000000110111101
11110000100011110
11011001100010110
10001111010011100
10111001001101100
11100000110011110
10000100110111101
10011000110101101
11100101001110001
11000100101001111
10100111000101101
10100111000011110
10010001011010111
10011001001111001
10011101110010100
11100100100011110
10011100010110101
11011000101111000
11110000001111001
10100110010011011
10001111000101101
10001111000011110
11100001011011001
11011100101001100
10011101001110001
10011101100010110
10100001001111110
10100101110010011
11100100001111001
11110100001110100
10011101011010100
10001100010110111
10001100001111011
10000101011011101
10001101000111101
11110000100100111
10110100000110111
11010000100011111
10001110010011011
10100001110011011
10011000110100111
10011100101101100
11110100101110000
10010100100110111
10001101001110011
11100100100100111
10001101110010011
10100101100100111
10100101100011011
10010001001111101
10010000110111101
10100100100101111
11110001011010100
10011100001111001
10100101011010011
11110000100011011
11001000100101111
10110001000110111
11110100000110101
10000010111111010
11011000011010110
10001001110011011
11111101001010000
11000110010011101
11100000110011011
11100111001001001
11100100110000111
10100001110101101
10000100110110111
11000000110011111
10011001011010110
11100100101111000
10001101100100111
10001101100011011
11100100100011011
10001100100101111
11000100100011111
10011101110010001
11110000101111000
10001101011010011
10100100010111101
10100100001111110
10010100011010111
11011000001111001
10001000110111110
10110000100101111
11010000101001111
11011000100101101
11001000001111110
11100111001100001
10010110010011101
11100100110001101
10001001110101101
10010000110011111
11100111001000110
11000001110011101
11110100101001100
10001100110111100
11100000101101011
11000100100111101
10011101100100101
10111101000011100
10100001011011011
10100001011100111
11011100100011100
11011000101101100
10000101110011101
11000101100011101
10011101011010001
10100101011000111
10100101110001101
11001000010110111
11001000001111011
10110000010111101
10110000001111110
11011000100011110
11110001100010110
10010001110011101
10000100110011111
11001100100111100
11100000101101110
10001001011011011
10001001011100111
10011100101110010
10100000110111011
10010100111110100
10010101100011101
10010000110110111
10001101011000111
10001101011011100
10001101110001101
11011100001110001
11110100100000111
11011000100100111
11011100000110101
11110000101001011
10000010111101011
11000000111011110
10110100100111100
10011101100011001
10100111001001011
11011100100110100
10010100111110001
10011100100101101
10010100111010011
10011101011000101
11000001011011101
11100100101001011
11001100001110011
10001001001111110
11010000101110011
10000100111011110
10010100011011101
11010000111110100
10000101011110101
11110100100001101
11110000101001110
11011000100011011
11000000111011011
11100111001100100
11100100110011100
11100100101101100
10011000110011110
10100100110001111
10001111001001011
10011100110110100
10100100110111100
10000011010111101
11000111001000111
11110100100011100
11000100100110111
10010001011011101
11110000101101100
11100100101001110
10011100100011110
10010100111011100
10000100111011011
10110100001110011
11010000111110001
11011000101110010
11011100011010100
11010000100111101
11011000101001110
11110000011010110
10100110010011110
11100100110010011
10001100110001111
11111101001000100
11111100001011000
10010111001000111
11000000101101111
11100100011010110
10011100100100111
11001001001111100
11001000110111100
11011100111010000
11100101101001001
11110100001110001
10100101011011100
11110000110000111
10001100010111101
10001100001111110
10010000111011110
11001100000110111
10110100000111101
11100110001101001
10001110010011110
10100111001100011
10011000110011011
10100001110011110
10011100110000111
11110100100110100
11100111001010010
10011100100011011
10110001001111100
10110000110111100
11000100111110100
10100101100101101
10100101100011110
11100101101000110
11011001001110100
11011000110110100
11110000110001101
10010000111011011
11011100100000111
11001001000110111
10110001000111101
11011000101001011
10011010111101000
10001111001100011
11100001101101001
10001001110011110
10000111001011110
10111101001001100
10011111001001001
10011000101101011
11011100101000011
10000011010110111
11100100101110010
11000000110110111
11100000110111001
11001100111110000
10010010111100011
10001101100101101
10001101100011110
10000101101011110
10001000110111011
10010110001011110
10100101110011100
10110001001110011
11110000101110010
11110100011010100
11010000111010011
11000000111110110
11001100100001111
10001101011110100
11010000100110111
10011000111011010
10000111001100111
10011111001100001
11101101001001100
10011100110001101
10011100110011100
10011111001000110
10011100101100011
10001011010111100
11100100011100101
10011000110111001
10110100111110000
10111101000110100
11110100111010000
10010010111101100
11000100111110001
10001101110011100
11100101101100001
10100001011011110
10100001011101101
11000100011010111
11000100111011100
11000100111010011
10011100111011000
10000100111101101
10100100100111011
11001000111110010
10100101101001011
10010101101010011
10100101011001101
11010000111011100
10110100100001111
11110001001110001
10010100011110101
11000100011011101
11011100100001101
11001000010111101
11001000100111110
11100000111011010
10100110001101011
11100100110110100
10011000101101110
10000011010011111
11010010100111100
10001001011011110
10001001011101101
10000100111100111
11110001001110100
11110000110110100
10011100101001011
11011010111100000
10100000110111110
10001101101001011
10001101011001101
11000101101000111
11001100011011100
11011000110000111
11011000111010010
10110000100111011
10001110001101011
10000111001011011
10100001101101011
11100100101100011
10001100110110011
10010010110111100
10111100001101100
11100100011011001
11011010111000010
10100111001001110
10000101101011011
11011000110011100
11011100100010011
10010100111000111
11011100100110001
11011000101100011
10010101101000111
11110000110010011
10000100111110110
11001000110001111
10110100011011100
10010000111110110
11011101101010000
10010000111101101
11011000111011000
10100101011110100
11100110001100110
10011111001100100
11100111001011000
10001001101101011
10011100110010011
10010111001011100
11101100001101100
11001100100110011
10001111001001110
10011100110110001
10011011010110100
10100011010111100
11000111001010011
11000010100111110
11100101101100100
11000111001001101
10011100101001110
10010101101011100
11010110001011100
11011111001010000
11100101101010010
10110000110001111
11011001001110001
11011000110001101
10010000111100111
10001100100111110
11011100011010001
11011000100110110
11000000111101101
11100010111101000
11100001101100110
11110100101000011
10110100100110011
11010010100110011
10010111001010011
10010111001001101
10011100011010110
11100000110110110
11110010111100000
11010010001111100
11000010111100011
11000010111101100
10011101101001001
10010010010111101
10001100111101100
11000110001011110
10010101101001101
10000010111101110
11110000111010010
11000000111100111
10000011011111001
11001100000111101
11010000011010111
11110000100111001
10001000111111010
10011110001101001
10010010110110011
10000011001111110
10011111001010010
11110000110011100
11110100100010011
10010100111001101
11110100100110001
11010010011110100
10011000110110110
11110010111000010
10100100011011011
10100100011100111
11110000101100011
10011100111100100
11100100111011000
11101101000110100
10100101101100011
10011101101000110
11100100100111001
10010010001111110
10110000111110010
11011000110110001
10001100100111011
11110101101010000
11001111000011100
11110000111011000
11000101101010011
10011010111100010
11000100011110101
10010101101110100
10110000100111110
11001001000111101
11110000100110110
10001010010111110
10011001101101001
11000110001100111
10000111001101101
10011111001011000
11000111001011100
10111101001110000
11010010011110001
11011010100110010
10010011011110100
11000010110111100
10001100011011011
10001100011100111
10000101101101101
10011101101011000
10010010100111110
10001101101100011
11001001001110011
11001000110110011
11011100111000100
11011110001011000
11000101101011100
11110111001010000
10011100100111001
11100100100110110
11000010001111110
10110111000011100
11110100011010001
10010101101110001
11100010111100010
11001100011110100
10001011011111000
10010110001100111
10100111001101100
11000001101100111
10100100110110011
10011011010011100
10010011011110001
11011010110110000
10000010110101111
10011100011100101
10000111010110101
10000101101100111
11010010001110011
10011101101100001
10111100010110100
10111100001111000
10110000110110011
11000100111000111
10111101000110001
10010010010110111
10011100100110110
10000100111111001
10100100111101100
10011100111010010
10100100100111110
11001000111111000
10100101101001110
11011000111100100
10110100011110100
11011101101000100
10010001011110101
11011000100111001
11010000011011101
10001000111101110
10100000111111010
11100110001011010
10001111001101100
10010001101100111
10100110001101110
10000011001111011
10000010110111110
11100011010110100
11110000110110001
10010010001111011
11010011111010000
11011111001000100
10001101101001110
11000000111111001
11000101101001101
11001001011011100
11001000111101100
11010001101010011
10010101111010100
11010010000011111
11001000100111011
11000001011110101
10100010010111110
10001011110100011
10000011101111010
11100001101011010
10001110001101110
10100001101101110
10010011001111100
10011100011011001
10001011010110011
11010010011010011
11000010011110110
11110010100110010
11110100111000100
11110110001011000
10010010010011111
11011010111001000
11010011111000001
11011010001110010
11010011101000011
11000010010111101
10001100111111000
11011101100010100
10110001011011100
10110000111101100
11010010000111101
10010000111111001
10010101111010001
10100011011111000
10000011101101011
10011010001111010
10001011110101100
10011110001100110
10001001101101110
10000011001101111
11100100110110001
11110010110110000
11001010011110010
10010011000011111
11000010110110011
10100111010110100
10010011011010011
11010010011011100
11000011011110100
10011101101100100
10001101101101100
11000100111001101
11100100111100100
10011011010110001
10010010001101111
11000010100111011
11001010010111100
11001101101001100
11110000111100100
11001100011010011
11001101101110000
11110101101000100
11011001101010010
10011000111100110
10010111000110101
10100000111101110
10011010010110110
11100010001111010
10111011110100000
10011001101100110
10010011000111101
11101101001110000
11001011011110000
11001100111001100
10010011011011100
10000010110111011
11100101101011000
10001111010110100
11011000110010011
11011010011010010
11001111001001100
10110010010111100
10011010110110010
10000011011101101
11110111001000100
11011010010110100
10010010100101111
11011011101000010
11010110001110100
10110101101001100
10110100011010011
10110101101110000
11000011111011000
11000101101110001
11100000111100110
11001000011011110
11100010010110110
11100011010011100
10110011011110000
10011011001111000
11000011001111100
10000111001110110
11000011011110001
10110100111001100
10100011010110011
10001101011110001
10010010011110110
11011011011010000
11001110010011100
11001110001101100
11000010011011110
11110010111001000
10000011011100111
11010011111000100
10110111001001100
11010110001010011
11101100010110100
11101100001111000
10100100011011110
10100100011101101
11110010001110010
11010011101110000
10011100111100001
11100100111010010
11101101000110001
11100010110110010
11001101100011100
11110101100010100
10000011011110110
11000010010110111
11011010001111000
11000011111010010
10000101101110110
10110000111111000
10100100111111000
10010110001110110
11000011111001001
10010011101111000
11010110101000011
11010010000110111
11010001101110100
11000101111010100
11011010000011110
10011010010011110
10011010100111010
11010000011110101
10000011101101110
10001010010111011
11000110001011011
11000110001101101
11000111001110100
10011010110101100
11011010100111000
10110110010011100
10110110001101100
11011110001100100
10100101101101100
10001100011011110
10001100011101101
10011101101010010
10010010100111011
11011100111000001
10001100111100011
11001011110000011
11011110001010010
10001100111110010
10001011011110010
10110101100011100
11000101101110100
11000010001111011
10010011101110010
10010110100101101
11010001101110001
10110111000110100
11001010000111110
11100010111001010
11110000111000110
10000011111011010
11001001011110100
11110001101010010
11000011101001011
11100010010011110
10011010001101110
11100010100111010
10011011101101000
11101011110100000
10100011110100011
10100011110101100
10010110001011011
10010110001101101
11000001101011011
11000001101101101
10010011000110111
10010111001110100
10101101011110000
11110010011010010
11000010010011111
11010011101001100
10111100010110001
10111100001110010
11110010010110100
10010011101100011
10010110101111000
11110011101000010
11001111000010011
10010110100011110
11010000111000111
11011000111100001
10110001011110100
10110100011110001
10110101111010000
11011101101000001
11011110101000010
11000101111010001
11100010001101110
10001001011110110
10001000111101011
10011010100101110
10000011111101001
10011110001011010
10010001101011011
10010001101101101
10000110110101101
10110010011110010
11000011000011111
11110011011010000
10011010110111000
10111100100101100
11000011011011100
11000011011010011
11100011010110001
11011010010011100
10010010011011110
11000010001101111
10010110101110010
11110010001111000
10010011101101100
10001011011101100
11010000111001101
11000110001110110
10000101110110101
10010011111010010
10010110010110101
10110111000010011
11011111001000001
10011010111001010
11010001111010100
10001011110001011
11110010000011110
10100010010111011
11100010100101110
10011001101011010
10010011001110011
10011011001101100
11000011000111101
10011011010010011
11101100100101100
11011011000011100
11110110001100100
11110010100001110
11110010100111000
11011010001101100
11110100111000001
10011011011100100
11000011111000110
11110110001010010
10100100111110010
10100011011110010
11001011110110000
10000011011011110
10110000111001110
11000011101110010
11000011101001110
10100100111100011
11011011101100000
10010110100100111
10011011011010010
11000010100101111
11101011110000010
11011101100010001
11000011101111000
11011010000110110
11000001101110110
11010001111010001
11001111000110100
10001011110111000
10110000011011110
10010011001001111
10111001001111000
11001011000111100
11100011001111000
11111100100100100
10000111001111001
11001010011111000
10100111010110001
10100101011110001
10000011011011011
11010001101011100
11101011100001010
11100100111100001
10111101011010000
11010110101110000
10111011110000010
10000101101111001
11011010100101100
10010110001111001
10010110100011011
11100011011010010
10010011110110100
11111100101000010
11001001011010011
11001000111100011
11110000111100001
11001001101110010
10010011111001001
11010110101001100
10010101100110101
11000111000110101
11110101101000001
10011011101001010
11110110101000010
10100001011110110
10100000111101011
10001001011111001
10000110110100111
11111100110000100
10110011000111100
11011011001110000
11010010100001111
10100111001111000
11011011000110100
11100010110101100
11111100100011000
11000010011111001
11110010010011100
10111011100001010
10010110101100011
10001111010110001
11011010011011000
10001010011111010
11001011110001100
10110110001111000
10100101101111000
10100101110110100
10010011110110001
10100011011101100
11110111001000001
11000110101111000
11011010010110001
11011011101001000
11010110001110001
11010110100011100
11000110100101101
10110010000111110
10001011000111110
10110001011010011
10110000111100011
11011000111000110
11100011101001010
10010011101001011
11001000011110110
10001101111100001
11100011101101000
11001000011011011
10001110110101100
11110011000011100
11000011000110111
10001111001111000
10011011001110010
11110010001101100
10100010011111010
10010110101101100
11001010010110011
11000010011011011
10010011110010011
10010011111000110
10110111001110000
11110011101100000
10010110110000111
11101100010110001
11101100001110010
11001000111001110
10010011101001110
11000011101100011
11000011101101100
11110101100010001
11001110100101100
10001101101111000
10001101110110100
10010010011101101
10010011111011000
11000110100011110
11000110101001110
11110010000110110
10011011000011110
10011000111101001
11000001111010110
10010001101110110
11010110100010011
11010110111010000
11011010000011011
10011010010111001
10011010010011011
10000011110111001
10111100110001100
10010010110001111
11100010110111000
11000111001110001
11001100111000011
11001010011001011
11101101011010000
11011001101011000
11010011100010011
11001111001000011
10010110110001101
11011110001100001
10110010010110011
10010011110011100
10110011110000011
11011110101100000
11110010100101100
11000110101110010
10010010011100111
10110101101000011
10110101100110100
10110110100101100
11011110100100100
10010110101001011
11010110111000001
10110111000110001
11100011000011110
11100000111101001
10011011101100010
11010111101010000
10101101111100000
11100010010111001
11100010010011011
10011010001101011
10101111010000011
11101100110001100
11111100110010000
10111000110101100
11100011001101100
11110011001110000
11110011000110100
11000011001110011
11100011010010011
11000001101011110
11110010110001100
11001011011000011
10110100111000011
11111100101001000
10010010011111001
11001110010010011
11001110001100011
10010111001110001
10011011011011000
11100011011100100
11010011100011100
10110111001000011
11110010001001110
11110010011011000
11100010110001110
11011011110010000
11001101100010011
11110010010110001
10001011110001110
10001011110110010
11001110001111000
11000110100100111
10010110101001110
11011110100011000
10100011000111110
11110011101001000
10010011111100001
11000011110110100
11010110100110100
11100011101100010
11011110100010010
10001101111100100
11010111101000001
10011010011011010
11100010001101011
10011010100101011
11101000110101100
10000110110011110
10011110110100100
11111100101100000
10010001101011110
10100110110101100
11000011001001111
11101001001111000
11011010100001110
10011010110100011
10110010011111000
11001101111010000
10110110010010011
10110110001100011
10111100100111000
11010010001001111
11001001111010010
11011011100010010
10010010011011011
10100011110001110
10100011110110010
11000110010110101
11111000101100010
11001001011110001
10110101100010011
11001111001110000
11000110100011011
10110001101110010
11010110100110001
11110000111001001
10010001111010110
11110001101000110
11000110101001011
10000011110011011
11100010011011010
11110010000011011
11100010100101011
11111000110100100
11011011001001100
11001010011001110
11001101111000001
11001001111011000
11110001101011000
11101010011001010
11110110001100001
11110010011000110
11110010100001011
11110110101100000
10110011110110000
10010110110110100
11000110101100011
11001000111001011
11000011100011110
10011011011100001
11011110110000100
11110110100100100
10001011011001011
10110000111001011
11000011110110001
11001110100001011
11001111101000010
10011100111000110
10011011000110110
11101011110001000
11001101100110100
11010001101000111
11010110111000100
10000011110110110
11001111000110001
10110000011110110
11000110111010010
10110000011011011
10100101111100001
10101111010110000
10111000111101000
10111001001110010
11001001111001001
11100011001110010
11111100100100001
10111010011001010
10111100100100011
11110011011000100
11101011011000010
11010011100110100
11010010011000111
10010110110110001
11011010010010011
11110011110010000
11000110001111001
11000011110011100
11000011110010011
11110100011000101
11000110110000111
11110110100011000
11011010011100100
10010011111100100
10111011110001000
11000101100110101
11001111101001000
11100100111000110
10001100111001110
11100011000110110
11000010011101101
11011110101001000
10000011110011110
11010111101000100
11000111101010010
10000110110011011
10011011001100011
11111100110000001
11000010110001111
10110011011001100
11010010011001101
11101100100100011
10100111001110010
11001001111000110
11011011000010011
10010011011000111
11011011000110001
10111011011000010
11111100100010010
11010011100110001
11011010001100011
11001001101001011
10110011110001100
11000110110001101
11110011100010010
10110110001110010
10100101101110010
10100101110110001
11001010011101100
11000010011100111
10000011111100110
11000110100110110
11011010000111001
11001000011111001
10001011000111011
10011011110010010
11000001101111001
10001111101101000
10100101111100100
10101111010001100
10010110110011100
11110011001001100
10000110101101011
11001011000110011
11011010110001100
10110010011001110
11001011011001100
10101001111001010
11001101111000100
10001111001110010
11001001101101100
11001001110011100
11001101101000011
11100011011011000
10001001111011010
11001110110001100
11011010001001110
11001001101111000
11011110110010000
11110110110000100
10101001011110010
10010011100011110
11101011100100010
11011010100100011
11101000111001010
11001110100001110
10011011001001110
11100011011000110
10001101111011000
10110010011101100
11001110100110010
10001101101110010
11101110100001010
11000011111100001
10010110100111001
10010110111010010
11100011110010010
10011110101001010
10011011000011011
10011011110011000
10100001011111001
10000101111010110
11111010100001010
10000101111011001
10111010011101000
11101000111101000
11100110110100100
10111100110110000
10000110101101110
10110011000110011
11100010110100011
10101101111000010
10110010011001011
10100001111011010
10111011010110000
10110001101101100
11011001101100100
10110001110011100
11110010010010011
10001011011100011
10110110110001100
11101100100111000
10100100111001110
10001101111010010
10111000111001010
10001101111001001
11110010011100100
10001010011101110
10100011011100011
10111110100001010
10101111000001011
10110101100110001
10110110100111000
11011110100100001
11011000111001001
10001111101001010
10010110100110110
10101000011111010
11011001101000110
11000110111000110
11100110101001010
11100011000011011
10011010011100110
10001110100101011
10010111101010010
11101000001111010
10111110110100000
10001110110100011
10111000110111000
11110011000010011
10010011011001101
11110011000110001
10110011011000011
10000110110111001
10101101011001100
10111100111100000
11110010001100011
11000011100110110
11001001101001110
11011010011000110
10110001111010010
10100101111010010
11001110110110000
11100011011100001
10011010110001110
11101001101001010
11110010001001011
11100010110001011
11001110001110010
11111000101001010
11001110100100011
11000011111100100
10100111101001010
10100011000111011
11001110111100000
11110010000111001
11000001111011001
10001111101100010
11100010011100110
11000111101000110
10111000001111010
10001110111101000
10011110110011000
10111100110000011
11000110110011100
10011110110100001
10100110110111000
11101001001110010
11000011011001101
11011010100001011
11011011011000100
10001011011001110
11110110110010000
10110110110110000
10111001101001010
10101001111101000
10111011011100000
11101101011000100
10111100100110010
11000110110110001
11101101101000010
10110001011110001
11110010100100011
10001001101111010
11001111100010010
11101100100110010
11011011100011000
11001110111000010
10100011110001011
10100011110111000
10001101110110001
11011100011000101
10010001110110101
10110111101000010
10110110100100011
10010110111011000
11101000111100010
10111011100101000
10101001011101100
11111000110011000
11101100110000011
11111000110100001
11101100110110000
10111000110100011
10011110101101000
11100011001100011
11110010110000011
10110101111000001
10100011011001110
11101011010110000
10001110110111000
11110001101100100
10110001111011000
11000011011000111
10111101101000010
10100001101111010
11001111100011000
11101000110110010
11101010011100010
11001100011000111
11110110101001000
11000011100011011
11001110111001000
11001110100111000
11001110110000011
10101111000001110
10110110100001011
11011110110000001
11110110100100001
10111000111100010
11010001101001101
10010111011010100
11000110111011000
10010110111000110
10101111011100000
10001110100101110
11101110110100000
11111000101101000
11101000110100011
10100110110100011
11001100011110001
10110001111001001
10110001111000110
11101100111100000
10001101111000110
10010011100110110
11110011011000001
11101011011001000
10110100011000111
10010001101111001
10111011100100010
11110011110000100
10101101110110000
10110111101001000
10110110100110010
11110110100010010
11011010011100001
10010110111100001
10010111011010001
11000110111001001
11100011110011000
10010001111011001
11000111101011000
11010001111000101
11110001101001001
11110110100000110
10101111000100011
10010111101000110
11011011001000011
10100101111000110
10111011011001000
11101011011100000
11100011001001110
11110010011001001
10110001101001011
10010101111000101
10110001110110100
11110011100000110
10110110100001110
10111101110010000
11110011100011000
10100010011101110
10011100111001001
10011011000111001
11111100100000110
10110000011111001
10000110111011010
10110111101100000
11000111101001001
11010110100000111
10001110110001011
10101111000101100
10000011110101101
11101000110111000
10000110110110110
10110101111000100
11000101111000101
10110001101111000
10100001111101001
11001010011100011
11011010001001011
11010011100000111
10001111100011010
10101111011000010
11110110110000001
10011011011000110
10101001011111000
10010011100011011
11101011100101000
10001110111001010
10001110100111010
11000110100111001
11100011000111001
10011011001001011
11101110110000010
11001111011010000
11100011110000110
10000111101011010
10001110111100010
11100110110011000
11100110110100001
11000110101101100
11000110110110100
11001010000111011
10101101111001000
10110001101001110
10101001111100010
11011001101100001
10100111100011010
10111101011000100
10100100111001011
10100110111001010
10100110100111010
10101111000111000
10110111000001101
10101111011001000
11111010110000010
11110010011100001
10001010011101011
11001111011000001
10111110110000010
10010110111100100
11101010010110010
11000111011010100
10100110111100010
11101110100101000
10100111011100001
11100110101101000
10010110110010011
10101100011110010
11011010110000011
10111000110110010
10001100011110110
11001001101100011
11001001110010011
10100101111011000
11101101110010000
10110111100010010
10110110111000010
10111010011100010
10011010110001011
11001001110110100
11100011011001001
10111010010110010
10010011110001101
11000011110000111
11001111101100000
10110110111100000
11110110001000110
11101110100100010
11010110011010001
11111010001001010
10011110110010010
10100100011110110
10000110101111010
10100110110110010
10101001100101011
10110001101100011
10110001110010011
11011011011000001
10110110110000011
10001100111001011
10110010011100011
10001001111101001
11000001110110101
11101101011000001
11001110001001011
10010011110000111
11101101101001000
11011011110000100
11010110011010100
11010110001000111
11111010010010010
10110111011010000
10011011100011010
11000110111100001
11000111011010001
10010110111001001
11011001101001001
10011010011101001
10010111101011000
11011110100000110
10001111011100100
11111000110010010
11110011001000011
10011110101100010
11101100111000010
11101100011010010
10100011011001011
10101101100001011
10101101011000011
11101010000111010
10001110110110010
11110001101100001
11000011100111001
11011010011001001
10001001111100110
10110111100011000
10111101101001000
11011011100000110
10101111000110010
10111101101100000
11101001101100010
10110110111001000
11101010011101000
10110111011000001
11001001011000111
11001111011000100
11010110100001101
10111010000101011
11111010001100010
11100011100011010
10000011110100111
11100010011101001
10110111110010000
10001111011011000
10111001101101000
10001010010101111
11000110110010011
11111011010010000
10111100111000010
10111100011010010
10111010000111010
10110001111100001
10101001011001110
11001010000101111
11000011110001101
10100111000111001
10100111011001001
10110001011000111
11101111001000010
11110011110000001
10001110110001110
11000110111100100
10111110100101000
10001111011010010
11100011110100100
11111010100100010
10001001110111001
10101001110100011
10101001011100011
11101010010101100
10100111101101000
10101001100101110
11100011001001011
11001110001001110
10111100100001110
11111000110000110
11001111000001101
10110001110110001
10111111001000010
10100110110001110
11101110001001010
11001001110110001
10100010011101011
11111011000010010
10100111011010010
10001111110010010
10101101100001110
11101100111001000
10010011100111001
11001001111100100
11101101101100000
10111110001001010
10001110001111010
11000110011010110
11001111110010000
11011110001000110
11101110110001000
10011011110000110
11111010100101000
10100010010101111
11100110110010010
11010011100001101
10110010000111011
10101001100111010
10100101111001001
11101011010001100
10111101100001001
11001001111100001
10111101011000001
11110010010000111
10110001111100100
10101101110000011
11001001011001101
11001001100011110
10100110100101011
10100110001111010
11110011100001001
10001111000111001
10001111011001001
11010110001001101
11010001100010111
10101101100100011
10110111000000111
10111110110001000
11111010000101001
11111100100001001
11101010010111000
10111110100100010
11000011100100111
10011011110100100
10000101111100101
10100111011100100
11100110101100010
10101100011111000
11110011000000111
10100111101100010
10111000110001110
10100001111100110
10110001011001101
10100110111101000
11111011001000010
10011011011001001
10111001101100010
11101101110000100
11010001100011101
10101101100101100
10111010010111000
11000011100101101
10001111011000110
10010111011000101
11101010000101011
10001111110011000
11100011110001001
10111111001100000
10000111101101001
10110001100101101
11110010010001101
11001110011010010
11010111100010100
10110110001001011
10111101110000001
11101000100111010
10100111011000110
10101001110110010
10010110011010110
10111101100100001
11101010010001110
10001001110110110
11111010010011000
11000111110010001
10111010010100011
11111010110100000
10001100011111001
10101101100111000
10110101100001101
10001011010001111
11010111100000101
10110010010001111
11101101100001001
11001110011011000
11001001100011011
11101100011011000
11101010000101110
10111000100111010
10010111101001001
11101000110001110
10100110100101110
10111010000101110
11101001101101000
10110111011000100
10101001110111000
10100001110110110
11110110001001001
11110010000101101
11111010010000110
11111010001101000
10101100011101100
10000110111100110
10111010010101100
10100100011111001
11100100111001001
11001001100111001
11101011000110010
10111100111001000
10111100011011000
11011010010000111
10110110001001110
10110010000101111
10011011100101001
10101001011001011
10001011000101111
11101111001001000
10011110100011010
11100011110100001
11101111001100000
11111010010100001
10111011000110010
11111011010000100
11011011000000111
11101100011000110
11011011110000001
10010111101100001
10101101110001100
10111110001101000
11011011100001001
10000110111101001
11100011100101001
11101101110000001
10111100100001011
11001111000000111
10010011100101101
10111111001001000
10100110110001011
10111100000110110
11101011000001011
10100111110010010
10111011000001011
11010110011000101
10001111011100001
11111011000011000
10100111011011000
11100110100011010
11111011001100000
11100011010000111
10101100011001110
10111011010001100
10101101100110010
10110001100111001
11001011000001111
10010111100100101
11001010010001111
10001110011011010
11000111100010110
10110001100011110
10011110100101001
10000111110100101
11110110100001001
10100111000110110
10101001110001011
10111100000111001
10111101110000100
11111011000000110
10111010010001110
11011010000101101
11000111011000101
11001000011100111
10100011010001111
11110011000001101
11001001100110110
11001101100110001
10100101100111001
10101000011101011
11001001100101101
10100110011011010
11101101100010010
11011110100001001
11100110100101001
11111000110001001
10101001110001110
11001110000011110
11101110001100010
10100001110111001
10011011110001001
11100011100100110
10011011110100001
11100010010101101
10110011000001111
11100011010001101
11001101100001101
10010111100011001
10111101100010010
11010111100010001
11000111101100001
10110110011010010
10111000110001011
10111110001100010
11000110011011001
11000001111100101
11001100011001101
10011011010001101
11000111100100101
10001101100110110
11101011010000011
10111101100000110
11011010010001101
10110001100100111
11001101100000111
10010111100010110
10001111000110110
11101000100101110
11111011000001001
10100011000101111
11111010000100110
11101010010001011
11111010000011010
10111011000100011
11000111110010100
10101001010111100
10110100011001101
11101100100001110
10100101100110110
10001101100111001
10110101100000111
10101000011101110
10110110011011000
10110001100011011
10111100011000110
11101101100100001
11001110000011011
11101110001101000
11101000110001011
10111011000101100
10111000100101110
10101001110101100
10111100011100001
11101100000110110
11101100000111001
11110010000100111
11000111100011001
11101011000001110
11101011000111000
10000111101100110
10010111110000101
10110001110001101
10000111011010110
10111000100101011
10111100011100100
10111101100100100
10010110011011001
11101010010100011
10011011010000111
10111011000111000
11111011010000001
10111011000001110
11101101100000110
11001001100100111
10010111101100100
10101000010111110
11110011100100100
11101100011100100
11001001110000111
11111010010001001
10110001100110110
10101100011001011
11111010110001000
10011011100100110
11011110001001001
11101011000101100
10110110000011110
10101000010111011
10111010010001011
11111010010100100
10101000010101111
11011011000001101
11111011001001000
11101100011001001
10101101000111100
10110000011101101
11100110110000110
11000111110000101
11101101100011000
11101100011100001
10101001010110011
10111011010000011
10111101100011000
10100111110011000
11000111101100100
10011110100100110
11110101100000101
11111000100101001
11111000100011010
11011101100000101
11100110100100110
11001001110001101
10010111110010001
11101000100101011
11101100100001011
10110110000011011
11101101100100100
10101100011100011
10011010010101101
11111011000100001
10011010010100111
10110001110000111
11010110000110101
10101101000110011
11001000011101101
10000111110011001
10011110110000110
11011011100100001
11011010000100111
10101100000101111
10101001000111011
10011110110001001
10000111011011001
10010001111100101
10110000011100111
10101100010111100
10101001000111110
10111100011001001
11110011100100001
11100110110001001
10010111110010100
10000111011100101
10010110011100101
10101100000111011
10101101000001111
11111000100100110
10101100010110011
10011011000101101
11111011000100100
10101001000101111
10010011100100111
11100010010100111
10101001010001111
11010110000010111
11100011000100111
10101100000111110
11000110011100101
11010110000011101
11100011000101101
11010001100110101
10000111110010110
11011011100100100
11101011000100011
10011011000100111
10101100010001111
